const unsigned long BITMAP[] = {
	80, 12,
	1792,1792,1792,1792,1792,1792,1792,1792,2737,1792,1792,1792,1792,1792,1792,1792,1792,1792,1792,1792,1792,1792,1792,1792,1792,1792,1792,1792,1792,1792,1792,1792,1792,1792,1792,1792,1792,1792,1792,1792,1792,1792,1792,1792,1792,1792,1792,1792,1792,1792,1792,1792,1792,1792,1792,1792,1792,1792,1792,1792,1792,1792,1792,1792,1792,1792,1792,1792,1792,1792,1792,1792,1792,1792,1792,1792,1792,1792,1792,1792,
	1792,1792,1792,1792,1792,1792,1792,2737,2737,2737,1792,1792,1792,1792,1792,1792,1792,1792,1792,1792,1792,1792,1792,1792,1792,1792,1792,1792,1792,1792,1792,1792,1792,1792,1792,1792,1792,1792,1792,1792,1792,1792,1792,1792,1792,1792,1792,1792,1792,1792,1792,1792,1792,1792,1792,1792,1792,1792,1792,1792,1792,1792,1792,1201,1201,1201,1201,1201,1201,1201,1792,1792,1792,1792,1792,1792,1792,1792,1792,1792,
	1792,1792,1792,1792,1792,1792,2737,2737,2737,2737,2737,1792,1792,1792,1792,1792,1792,1792,1792,1792,1792,1792,1792,1792,1792,1792,1792,1792,1792,1792,1792,1792,1792,1792,1792,1792,1792,1792,1792,1792,1792,1792,1792,1792,1792,1792,1792,1792,1792,1792,1792,1792,1792,1792,1792,1792,1792,1792,1792,1792,1792,1792,1201,1201,1201,1201,1201,1201,1201,1201,1201,1792,1792,1792,1792,1792,1792,1792,1792,1792,
	1792,1792,1792,1792,1792,1792,1792,2737,2737,2737,1792,1792,1792,1792,1792,1792,1792,1792,1792,1792,1792,1792,1792,1792,1792,1792,1792,1792,1792,1792,1792,1792,1792,1792,1792,1792,1792,1792,1792,1792,1792,1792,1792,1792,1792,1792,1792,1792,1792,1792,1792,1792,1792,1792,1792,1792,1792,1792,1792,1792,1792,1201,1969,1969,1969,1969,1969,1969,1969,1969,1969,1201,1792,1792,1792,1792,1792,1792,1792,1792,
	1792,1792,1792,1792,1792,1792,1792,1792,1713,1792,1792,1792,1792,1792,1792,1792,1792,1792,1792,1792,1792,1792,1792,1792,1792,1792,1792,1792,1792,1792,1792,1792,1792,1792,1792,1792,1792,1792,1792,1792,1792,1792,1792,1792,1792,1792,1792,1792,1792,1792,1792,1792,1792,1792,1792,1792,1792,1792,1792,1792,1792,1792,1969,1969,1713,1969,1969,3761,3761,1969,1969,1792,1792,1792,1792,1792,1792,1792,1792,1792,
	1792,1792,1792,1792,1792,1792,1792,1792,1713,1792,1792,1792,1792,1792,1792,1792,1792,1792,1792,1792,1792,1792,1792,1792,1792,1792,1792,1792,1792,1792,1792,1792,1792,1792,1792,1792,1792,1792,1792,1792,1792,1792,1792,1792,1792,1792,1792,1792,1792,1792,1792,1792,1792,1792,1792,1792,1792,1792,1792,1792,1792,1792,1969,1969,1713,1969,1969,1969,1969,1969,1969,1792,1792,1792,1792,1792,1792,1792,1792,1792,
	688,688,688,688,688,688,688,688,688,688,688,688,688,688,688,688,688,688,688,688,688,688,688,688,688,688,688,688,688,688,688,688,688,688,688,688,688,688,688,688,688,688,688,688,688,688,688,688,688,688,688,688,688,688,688,688,688,688,688,688,688,688,688,688,688,688,688,688,688,688,688,688,688,688,688,688,688,688,688,688,
	4041,4045,4045,4045,4045,4045,4045,4045,4045,4045,4045,4045,4045,4045,4045,4045,4045,4045,4049,4045,4045,4045,4045,4045,4045,4045,4045,4045,4045,4045,4045,4045,4045,4045,4045,4045,4045,4045,4049,4045,4045,4045,4045,4045,4045,4045,4045,4045,4045,4045,4045,4045,4045,4045,4045,4045,4045,4045,4045,4045,4045,4045,4045,4045,4045,4045,4045,4045,4045,4045,4045,4045,4045,4045,4045,4045,4045,4045,4045,4027,
	4026,1792,1792,1792,1792,1792,1792,1792,1792,1792,1792,1792,1792,1792,1792,1792,1792,1792,4019,1792,1792,1792,1792,1792,1792,1792,1792,1792,1792,1792,1792,1792,1792,1792,1792,1792,1792,1792,4019,1792,1792,1792,1792,1792,1792,1792,1792,1792,1792,1792,1792,1792,1792,1792,1792,1792,1792,1792,1792,1792,1792,1792,1792,1792,1792,1792,1792,1792,1792,1792,1792,1792,1792,1792,1792,1792,1792,1792,1792,4026,
	4026,1792,1792,1792,1792,1792,1792,1792,1792,1792,1792,1792,1792,1792,1792,1792,1792,1792,4019,1792,1792,1792,1792,1792,1792,1792,1792,1792,1792,1792,1792,1792,1792,1792,1792,1792,1792,1792,4019,1792,1792,1792,1792,1792,1792,1792,1792,1792,1792,1792,1792,1792,1792,1792,1792,1792,1792,1792,1792,1792,1792,1792,1792,1792,1792,1792,1792,1792,1792,1792,1792,1792,1792,1792,1792,1792,1792,1792,1792,4026,
	4026,1792,1792,1792,1792,1792,1792,1792,1792,1792,1792,1792,1792,1792,1792,1792,1792,1792,4019,1792,1792,1792,1792,1792,1792,1792,1792,1792,1792,1792,1792,1792,1792,1792,1792,1792,1792,1792,4019,1792,1792,1792,1792,1792,1792,1792,1792,1792,1792,1792,1792,1792,1792,1792,1792,1792,1792,1792,1792,1792,1792,1792,1792,1792,1792,1792,1792,1792,1792,1792,1792,1792,1792,1792,1792,1792,1792,1792,1792,4026,
	4040,4045,4045,4045,4045,4045,4045,4045,4045,4045,4045,4045,4045,4045,4045,4045,4045,4045,4047,4045,4045,4045,4045,4045,4045,4045,4045,4045,4045,4045,4045,4045,4045,4045,4045,4045,4045,4045,4047,4045,4045,4045,4045,4045,4045,4045,4045,4045,4045,4045,4045,4045,4045,4045,4045,4045,4045,4045,4045,4045,4045,4045,4045,4045,4045,4045,4045,4045,4045,4045,4045,4045,4045,4045,4045,4045,4045,4045,4045,4028,
};
